<?xml version="1.0"?>
<opencv_storage>
<image_width>640</image_width>
<image_height>480</image_height>
<camera_matrix type_id="opencv-matrix">
  <rows>3</rows>
  <cols>3</cols>
  <dt>d</dt>
  <data>
    1.1153194955556351e+003 0. 3.1950000000000000e+002 0.
    1.0942841044821273e+003 2.3950000000000000e+002 0. 0. 1.</data></camera_matrix>
<distortion_coefficients type_id="opencv-matrix">
  <rows>1</rows>
  <cols>5</cols>
  <dt>d</dt>
  <data>
    5.2021420881833447e-001 -7.5956368940133867e+000 0. 0.
    6.5902916787339379e+001</data></distortion_coefficients>
</opencv_storage>
